--- I dati riportati sono pubblicati in tempo reale e pertanto non si può escludere la presenza saltuaria di valori anomali. ---
--- Per approfondimenti contattare il Centro Funzionale regionale 0165 272650. ---
Stazione: Aosta - Mont-Fleury
Latitudine wgs84: 45.7305
Longitudine wgs84: 7.29903
Quota mslm: 577
Parametro: Umidità relativa
Unità misura: %
Data inizio: 2019-01-01 00:00:00
Data fine: 2025-09-30 23:59:59

2019-01-01 00:00:00;61,7
2019-01-02 00:00:00;16,7
2019-01-03 00:00:00;46,6
2019-01-04 00:00:00;57,5
2019-01-05 00:00:00;33,0
2019-01-06 00:00:00;26,0
2019-01-07 00:00:00;47,0
2019-01-08 00:00:00;37,2
2019-01-09 00:00:00;33,8
2019-01-10 00:00:00;35,6
2019-01-11 00:00:00;53,1
2019-01-12 00:00:00;37,5
2019-01-13 00:00:00;52,1
2019-01-14 00:00:00;42,7
2019-01-15 00:00:00;39,0
2019-01-16 00:00:00;63,8
2019-01-17 00:00:00;63,6
2019-01-18 00:00:00;40,3
2019-01-19 00:00:00;65,0
2019-01-20 00:00:00;66,3
2019-01-21 00:00:00;65,2
2019-01-22 00:00:00;58,9
2019-01-23 00:00:00;70,9
2019-01-24 00:00:00;59,0
2019-01-25 00:00:00;19,8
2019-01-26 00:00:00;31,4
2019-01-27 00:00:00;64,6
2019-01-28 00:00:00;38,0
2019-01-29 00:00:00;35,4
2019-01-30 00:00:00;47,9
2019-01-31 00:00:00;70,8
2019-02-01 00:00:00;95,7
2019-02-02 00:00:00;91,8
2019-02-03 00:00:00;56,7
2019-02-04 00:00:00;65,2
2019-02-05 00:00:00;69,4
2019-02-06 00:00:00;69,1
2019-02-07 00:00:00;67,1
2019-02-08 00:00:00;48,4
2019-02-09 00:00:00;65,3
2019-02-10 00:00:00;75,4
2019-02-11 00:00:00;49,7
2019-02-12 00:00:00;24,6
2019-02-13 00:00:00;54,9
2019-02-14 00:00:00;63,8
2019-02-15 00:00:00;61,1
2019-02-16 00:00:00;60,6
2019-02-17 00:00:00;58,6
2019-02-18 00:00:00;58,4
2019-02-19 00:00:00;59,6
2019-02-20 00:00:00;60,3
2019-02-21 00:00:00;59,1
2019-02-22 00:00:00;48,0
2019-02-23 00:00:00;65,0
2019-02-24 00:00:00;60,9
2019-02-25 00:00:00;58,7
2019-02-26 00:00:00;54,0
2019-02-27 00:00:00;45,6
2019-02-28 00:00:00;42,3
2019-03-01 00:00:00;38,5
2019-03-02 00:00:00;36,2
2019-03-03 00:00:00;45,1
2019-03-04 00:00:00;70,6
2019-03-05 00:00:00;37,9
2019-03-06 00:00:00;56,2
2019-03-07 00:00:00;62,7
2019-03-08 00:00:00;47,9
2019-03-09 00:00:00;44,6
2019-03-10 00:00:00;41,8
2019-03-11 00:00:00;38,8
2019-03-12 00:00:00;33,2
2019-03-13 00:00:00;42,7
2019-03-14 00:00:00;47,4
2019-03-15 00:00:00;47,4
2019-03-16 00:00:00;32,6
2019-03-17 00:00:00;53,4
2019-03-18 00:00:00;28,2
2019-03-19 00:00:00;37,8
2019-03-20 00:00:00;49,1
2019-03-21 00:00:00;52,5
2019-03-22 00:00:00;40,8
2019-03-23 00:00:00;39,9
2019-03-24 00:00:00;39,0
2019-03-25 00:00:00;30,2
2019-03-26 00:00:00;31,1
2019-03-27 00:00:00;46,9
2019-03-28 00:00:00;56,1
2019-03-29 00:00:00;54,9
2019-03-30 00:00:00;45,8
2019-03-31 00:00:00;40,4
2019-04-01 00:00:00;41,3
2019-04-02 00:00:00;57,4
2019-04-03 00:00:00;74,5
2019-04-04 00:00:00;77,2
2019-04-05 00:00:00;57,5
2019-04-06 00:00:00;63,8
2019-04-07 00:00:00;80,2
2019-04-08 00:00:00;60,2
2019-04-09 00:00:00;53,0
2019-04-10 00:00:00;58,8
2019-04-11 00:00:00;74,3
2019-04-12 00:00:00;71,4
2019-04-13 00:00:00;62,1
2019-04-14 00:00:00;51,4
2019-04-15 00:00:00;49,1
2019-04-16 00:00:00;58,1
2019-04-17 00:00:00;53,9
2019-04-18 00:00:00;52,9
2019-04-19 00:00:00;54,1
2019-04-20 00:00:00;46,4
2019-04-21 00:00:00;46,6
2019-04-22 00:00:00;44,0
2019-04-23 00:00:00;84,7
2019-04-24 00:00:00;82,0
2019-04-25 00:00:00;73,7
2019-04-26 00:00:00;60,6
2019-04-27 00:00:00;42,6
2019-04-28 00:00:00;39,0
2019-04-29 00:00:00;35,7
2019-04-30 00:00:00;45,4
2019-05-01 00:00:00;50,1
2019-05-02 00:00:00;59,1
2019-05-03 00:00:00;60,5
2019-05-04 00:00:00;49,9
2019-05-05 00:00:00;27,8
2019-05-06 00:00:00;29,5
2019-05-07 00:00:00;48,6
2019-05-08 00:00:00;91,0
2019-05-09 00:00:00;63,2
2019-05-10 00:00:00;54,4
2019-05-11 00:00:00;62,6
2019-05-12 00:00:00;32,1
2019-05-13 00:00:00;43,3
2019-05-14 00:00:00;59,4
2019-05-15 00:00:00;54,3
2019-05-16 00:00:00;60,7
2019-05-17 00:00:00;70,2
2019-05-18 00:00:00;76,3
2019-05-19 00:00:00;77,5
2019-05-20 00:00:00;61,0
2019-05-21 00:00:00;40,5
2019-05-22 00:00:00;46,5
2019-05-23 00:00:00;53,9
2019-05-24 00:00:00;55,4
2019-05-25 00:00:00;69,3
2019-05-26 00:00:00;70,3
2019-05-27 00:00:00;70,3
2019-05-28 00:00:00;56,3
2019-05-29 00:00:00;34,9
2019-05-30 00:00:00;38,8
2019-05-31 00:00:00;53,4
2019-06-01 00:00:00;58,9
2019-06-02 00:00:00;56,2
2019-06-03 00:00:00;51,1
2019-06-04 00:00:00;53,1
2019-06-05 00:00:00;70,2
2019-06-06 00:00:00;68,4
2019-06-07 00:00:00;56,8
2019-06-08 00:00:00;42,5
2019-06-09 00:00:00;84,4
2019-06-10 00:00:00;88,9
2019-06-11 00:00:00;84,9
2019-06-12 00:00:00;69,9
2019-06-13 00:00:00;59,2
2019-06-14 00:00:00;56,2
2019-06-15 00:00:00;65,8
2019-06-16 00:00:00;50,6
2019-06-17 00:00:00;53,6
2019-06-18 00:00:00;59,7
2019-06-19 00:00:00;66,6
2019-06-20 00:00:00;65,7
2019-06-21 00:00:00;71,9
2019-06-22 00:00:00;77,3
2019-06-23 00:00:00;63,0
2019-06-24 00:00:00;64,0
2019-06-25 00:00:00;67,7
2019-06-26 00:00:00;63,8
2019-06-27 00:00:00;42,2
2019-06-28 00:00:00;37,5
2019-06-29 00:00:00;50,9
2019-06-30 00:00:00;58,2
2019-07-01 00:00:00;52,0
2019-07-02 00:00:00;68,9
2019-07-03 00:00:00;63,8
2019-07-04 00:00:00;62,0
2019-07-05 00:00:00;51,8
2019-07-06 00:00:00;46,0
2019-07-07 00:00:00;36,5
2019-07-08 00:00:00;33,0
2019-07-09 00:00:00;61,0
2019-07-10 00:00:00;60,3
2019-07-11 00:00:00;66,6
2019-07-12 00:00:00;48,0
2019-07-13 00:00:00;32,0
2019-07-14 00:00:00;49,1
2019-07-15 00:00:00;73,3
2019-07-16 00:00:00;61,9
2019-07-17 00:00:00;63,5
2019-07-18 00:00:00;58,9
2019-07-19 00:00:00;61,9
2019-07-20 00:00:00;65,4
2019-07-21 00:00:00;53,3
2019-07-22 00:00:00;54,8
2019-07-23 00:00:00;61,7
2019-07-24 00:00:00;61,8
2019-07-25 00:00:00;63,4
2019-07-26 00:00:00;65,1
2019-07-27 00:00:00;85,7
2019-07-28 00:00:00;63,6
2019-07-29 00:00:00;56,7
2019-07-30 00:00:00;59,1
2019-07-31 00:00:00;51,7
2019-08-01 00:00:00;57,5
2019-08-02 00:00:00;53,2
2019-08-03 00:00:00;42,4
2019-08-04 00:00:00;56,0
2019-08-05 00:00:00;65,0
2019-08-06 00:00:00;70,2
2019-08-07 00:00:00;87,4
2019-08-08 00:00:00;69,4
2019-08-09 00:00:00;69,6
2019-08-10 00:00:00;73,5
2019-08-11 00:00:00;64,4
2019-08-12 00:00:00;70,0
2019-08-13 00:00:00;44,2
2019-08-14 00:00:00;45,6
2019-08-15 00:00:00;57,5
2019-08-16 00:00:00;54,3
2019-08-17 00:00:00;67,3
2019-08-18 00:00:00;68,3
2019-08-19 00:00:00;75,4
2019-08-20 00:00:00;90,5
2019-08-21 00:00:00;70,5
2019-08-22 00:00:00;75,0
2019-08-23 00:00:00;75,4
2019-08-24 00:00:00;69,8
2019-08-25 00:00:00;64,9
2019-08-26 00:00:00;61,8
2019-08-27 00:00:00;67,8
2019-08-28 00:00:00;77,2
2019-08-29 00:00:00;63,3
2019-08-30 00:00:00;61,8
2019-08-31 00:00:00;65,3
2019-09-01 00:00:00;65,5
2019-09-02 00:00:00;58,3
2019-09-03 00:00:00;62,6
2019-09-04 00:00:00;67,6
2019-09-05 00:00:00;53,9
2019-09-06 00:00:00;80,1
2019-09-07 00:00:00;62,7
2019-09-08 00:00:00;48,9
2019-09-09 00:00:00;40,3
2019-09-10 00:00:00;67,4
2019-09-11 00:00:00;65,9
2019-09-12 00:00:00;61,0
2019-09-13 00:00:00;66,3
2019-09-14 00:00:00;69,2
2019-09-15 00:00:00;72,7
2019-09-16 00:00:00;68,8
2019-09-17 00:00:00;57,3
2019-09-18 00:00:00;70,1
2019-09-19 00:00:00;74,5
2019-09-20 00:00:00;63,9
2019-09-21 00:00:00;69,3
2019-09-22 00:00:00;72,6
2019-09-23 00:00:00;60,1
2019-09-24 00:00:00;65,0
2019-09-25 00:00:00;54,0
2019-09-26 00:00:00;63,5
2019-09-27 00:00:00;75,7
2019-09-28 00:00:00;63,4
2019-09-29 00:00:00;68,1
2019-09-30 00:00:00;45,1
2019-10-01 00:00:00;64,3
2019-10-02 00:00:00;53,5
2019-10-03 00:00:00;40,4
2019-10-04 00:00:00;66,7
2019-10-05 00:00:00;43,3
2019-10-06 00:00:00;70,0
2019-10-07 00:00:00;50,7
2019-10-08 00:00:00;69,3
2019-10-09 00:00:00;79,7
2019-10-10 00:00:00;51,7
2019-10-11 00:00:00;70,7
2019-10-12 00:00:00;78,9
2019-10-13 00:00:00;79,3
2019-10-14 00:00:00;81,9
2019-10-15 00:00:00;85,3
2019-10-16 00:00:00;68,7
2019-10-17 00:00:00;76,3
2019-10-18 00:00:00;85,1
2019-10-19 00:00:00;90,9
2019-10-20 00:00:00;84,6
2019-10-21 00:00:00;94,9
2019-10-22 00:00:00;93,5
2019-10-23 00:00:00;86,7
2019-10-24 00:00:00;94,6
2019-10-25 00:00:00;85,8
2019-10-26 00:00:00;83,0
2019-10-27 00:00:00;82,4
2019-10-28 00:00:00;86,3
2019-10-29 00:00:00;88,1
2019-10-30 00:00:00;83,0
2019-10-31 00:00:00;90,3
2019-11-01 00:00:00;91,3
2019-11-02 00:00:00;90,0
2019-11-03 00:00:00;86,8
2019-11-04 00:00:00;82,7
2019-11-05 00:00:00;71,9
2019-11-06 00:00:00;64,1
2019-11-07 00:00:00;79,5
2019-11-08 00:00:00;87,7
2019-11-09 00:00:00;75,9
2019-11-10 00:00:00;76,0
2019-11-11 00:00:00;80,5
2019-11-12 00:00:00;55,0
2019-11-13 00:00:00;42,0
2019-11-14 00:00:00;80,9
2019-11-15 00:00:00;89,5
2019-11-16 00:00:00;88,4
2019-11-17 00:00:00;91,1
2019-11-18 00:00:00;80,3
2019-11-19 00:00:00;91,0
2019-11-20 00:00:00;85,7
2019-11-21 00:00:00;85,8
2019-11-22 00:00:00;87,0
2019-11-23 00:00:00;88,1
2019-11-24 00:00:00;96,6
2019-11-25 00:00:00;93,6
2019-11-26 00:00:00;90,1
2019-11-27 00:00:00;91,3
2019-11-28 00:00:00;79,9
2019-11-29 00:00:00;69,0
2019-11-30 00:00:00;64,4
2019-12-01 00:00:00;89,9
2019-12-02 00:00:00;94,3
2019-12-03 00:00:00;86,8
2019-12-04 00:00:00;84,3
2019-12-05 00:00:00;82,6
2019-12-06 00:00:00;81,0
2019-12-07 00:00:00;83,2
2019-12-08 00:00:00;79,1
2019-12-09 00:00:00;69,5
2019-12-10 00:00:00;48,0
2019-12-11 00:00:00;68,9
2019-12-12 00:00:00;60,7
2019-12-13 00:00:00;88,3
2019-12-14 00:00:00;73,7
2019-12-15 00:00:00;81,8
2019-12-16 00:00:00;89,8
2019-12-17 00:00:00;97,3
2019-12-18 00:00:00;97,6
2019-12-19 00:00:00;96,1
2019-12-20 00:00:00;85,0
2019-12-21 00:00:00;78,6
2019-12-22 00:00:00;79,8
2019-12-23 00:00:00;65,4
2019-12-24 00:00:00;74,3
2019-12-25 00:00:00;30,5
2019-12-26 00:00:00;60,9
2019-12-27 00:00:00;63,2
2019-12-28 00:00:00;78,0
2019-12-29 00:00:00;82,3
2019-12-30 00:00:00;95,3
2019-12-31 00:00:00;85,9
2020-01-01 00:00:00;78,9
2020-01-02 00:00:00;78,6
2020-01-03 00:00:00;79,5
2020-01-04 00:00:00;35,7
2020-01-05 00:00:00;52,3
2020-01-06 00:00:00;79,1
2020-01-07 00:00:00;72,7
2020-01-08 00:00:00;71,5
2020-01-09 00:00:00;78,9
2020-01-10 00:00:00;79,2
2020-01-11 00:00:00;70,1
2020-01-12 00:00:00;69,3
2020-01-13 00:00:00;75,2
2020-01-14 00:00:00;75,5
2020-01-15 00:00:00;76,8
2020-01-16 00:00:00;75,9
2020-01-17 00:00:00;76,4
2020-01-18 00:00:00;44,3
2020-01-19 00:00:00;57,7
2020-01-20 00:00:00;60,4
2020-01-21 00:00:00;63,5
2020-01-22 00:00:00;67,5
2020-01-23 00:00:00;70,9
2020-01-24 00:00:00;70,9
2020-01-25 00:00:00;75,0
2020-01-26 00:00:00;77,4
2020-01-27 00:00:00;76,1
2020-01-28 00:00:00;80,7
2020-01-29 00:00:00;57,6
2020-01-30 00:00:00;63,4
2020-01-31 00:00:00;77,8
2020-02-01 00:00:00;86,3
2020-02-02 00:00:00;69,4
2020-02-03 00:00:00;40,3
2020-02-04 00:00:00;47,0
2020-02-05 00:00:00;34,0
2020-02-06 00:00:00;55,5
2020-02-07 00:00:00;62,9
2020-02-08 00:00:00;68,6
2020-02-09 00:00:00;70,9
2020-02-10 00:00:00;61,9
2020-02-11 00:00:00;39,0
2020-02-12 00:00:00;30,2
2020-02-13 00:00:00;74,3
2020-02-14 00:00:00;57,2
2020-02-15 00:00:00;63,2
2020-02-16 00:00:00;70,5
2020-02-17 00:00:00;70,6
2020-02-18 00:00:00;31,3
2020-02-19 00:00:00;39,8
2020-02-20 00:00:00;44,9
2020-02-21 00:00:00;42,0
2020-02-22 00:00:00;62,9
2020-02-23 00:00:00;53,7
2020-02-24 00:00:00;31,5
2020-02-25 00:00:00;55,1
2020-02-26 00:00:00;52,9
2020-02-27 00:00:00;68,7
2020-02-28 00:00:00;42,9
2020-02-29 00:00:00;65,7
2020-03-01 00:00:00;87,3
2020-03-02 00:00:00;89,4
2020-03-03 00:00:00;39,6
2020-03-04 00:00:00;36,1
2020-03-05 00:00:00;90,0
2020-03-06 00:00:00;61,6
2020-03-07 00:00:00;42,1
2020-03-08 00:00:00;52,1
2020-03-09 00:00:00;49,6
2020-03-10 00:00:00;56,6
2020-03-11 00:00:00;45,9
2020-03-12 00:00:00;70,6
2020-03-13 00:00:00;48,6
2020-03-14 00:00:00;58,5
2020-03-15 00:00:00;70,8
2020-03-16 00:00:00;63,5
2020-03-17 00:00:00;63,3
2020-03-18 00:00:00;62,1
2020-03-19 00:00:00;60,4
2020-03-20 00:00:00;62,6
2020-03-21 00:00:00;57,7
2020-03-22 00:00:00;75,3
2020-03-23 00:00:00;61,6
2020-03-24 00:00:00;57,5
2020-03-25 00:00:00;55,8
2020-03-26 00:00:00;60,4
2020-03-27 00:00:00;76,8
2020-03-28 00:00:00;62,9
2020-03-29 00:00:00;57,3
2020-03-30 00:00:00;74,5
2020-03-31 00:00:00;68,1
2020-04-01 00:00:00;62,2
2020-04-02 00:00:00;65,9
2020-04-03 00:00:00;57,3
2020-04-04 00:00:00;56,4
2020-04-05 00:00:00;57,3
2020-04-06 00:00:00;52,1
2020-04-07 00:00:00;48,7
2020-04-08 00:00:00;45,6
2020-04-09 00:00:00;45,4
2020-04-10 00:00:00;47,2
2020-04-11 00:00:00;43,2
2020-04-12 00:00:00;41,1
2020-04-13 00:00:00;44,2
2020-04-14 00:00:00;40,2
2020-04-15 00:00:00;54,3
2020-04-16 00:00:00;55,6
2020-04-17 00:00:00;56,0
2020-04-18 00:00:00;60,1
2020-04-19 00:00:00;69,1
2020-04-20 00:00:00;79,3
2020-04-21 00:00:00;85,5
2020-04-22 00:00:00;66,1
2020-04-23 00:00:00;58,7
2020-04-24 00:00:00;53,0
2020-04-25 00:00:00;56,1
2020-04-26 00:00:00;68,2
2020-04-27 00:00:00;64,9
2020-04-28 00:00:00;86,5
2020-04-29 00:00:00;53,5
2020-04-30 00:00:00;72,7
2020-05-01 00:00:00;83,3
2020-05-02 00:00:00;78,4
2020-05-03 00:00:00;62,2
2020-05-04 00:00:00;63,2
2020-05-05 00:00:00;59,9
2020-05-06 00:00:00;42,7
2020-05-07 00:00:00;60,1
2020-05-08 00:00:00;64,0
2020-05-09 00:00:00;66,2
2020-05-10 00:00:00;78,8
2020-05-11 00:00:00;80,6
2020-05-12 00:00:00;70,5
2020-05-13 00:00:00;80,4
2020-05-14 00:00:00;72,5
2020-05-15 00:00:00;78,1
2020-05-16 00:00:00;78,5
2020-05-17 00:00:00;71,3
2020-05-18 00:00:00;63,3
2020-05-19 00:00:00;57,3
2020-05-20 00:00:00;55,5
2020-05-21 00:00:00;58,7
2020-05-22 00:00:00;60,9
2020-05-23 00:00:00;63,4
2020-05-24 00:00:00;39,8
2020-05-25 00:00:00;52,8
2020-05-26 00:00:00;58,1
2020-05-27 00:00:00;59,0
2020-05-28 00:00:00;53,8
2020-05-29 00:00:00;56,6
2020-05-30 00:00:00;58,1
2020-05-31 00:00:00;62,7
2020-06-01 00:00:00;62,1
2020-06-02 00:00:00;53,5
2020-06-03 00:00:00;60,1
2020-06-04 00:00:00;86,9
2020-06-05 00:00:00;45,3
2020-06-06 00:00:00;61,8
2020-06-07 00:00:00;66,8
2020-06-08 00:00:00;75,5
2020-06-09 00:00:00;83,2
2020-06-10 00:00:00;78,7
2020-06-11 00:00:00;74,5
2020-06-12 00:00:00;72,2
2020-06-13 00:00:00;80,8
2020-06-14 00:00:00;65,3
2020-06-15 00:00:00;50,8
2020-06-16 00:00:00;63,0
2020-06-17 00:00:00;73,1
2020-06-18 00:00:00;59,0
2020-06-19 00:00:00;52,3
2020-06-20 00:00:00;46,7
2020-06-21 00:00:00;37,1
2020-06-22 00:00:00;43,9
2020-06-23 00:00:00;58,2
2020-06-24 00:00:00;60,5
2020-06-25 00:00:00;67,4
2020-06-26 00:00:00;71,0
2020-06-27 00:00:00;68,5
2020-06-28 00:00:00;67,5
2020-06-29 00:00:00;55,4
2020-06-30 00:00:00;59,5
2020-07-01 00:00:00;65,2
2020-07-02 00:00:00;57,3
2020-07-03 00:00:00;54,6
2020-07-04 00:00:00;61,6
2020-07-05 00:00:00;58,8
2020-07-06 00:00:00;46,5
2020-07-07 00:00:00;48,3
2020-07-08 00:00:00;60,7
2020-07-09 00:00:00;60,3
2020-07-10 00:00:00;63,2
2020-07-11 00:00:00;55,9
2020-07-12 00:00:00;57,5
2020-07-13 00:00:00;61,6
2020-07-14 00:00:00;65,7
2020-07-15 00:00:00;65,6
2020-07-16 00:00:00;48,0
2020-07-17 00:00:00;50,6
2020-07-18 00:00:00;62,4
2020-07-19 00:00:00;59,4
2020-07-20 00:00:00;57,4
2020-07-21 00:00:00;64,9
2020-07-22 00:00:00;69,3
2020-07-23 00:00:00;60,6
2020-07-24 00:00:00;57,3
2020-07-25 00:00:00;46,5
2020-07-26 00:00:00;55,3
2020-07-27 00:00:00;62,2
2020-07-28 00:00:00;71,3
2020-07-29 00:00:00;71,0
2020-07-30 00:00:00;59,3
2020-07-31 00:00:00;50,5
2020-08-01 00:00:00;48,9
2020-08-02 00:00:00;66,6
2020-08-03 00:00:00;58,8
2020-08-04 00:00:00;40,0
2020-08-05 00:00:00;54,9
2020-08-06 00:00:00;58,8
2020-08-07 00:00:00;60,0
2020-08-08 00:00:00;62,1
2020-08-09 00:00:00;58,7
2020-08-10 00:00:00;66,4
2020-08-11 00:00:00;59,1
2020-08-12 00:00:00;69,7
2020-08-13 00:00:00;68,9
2020-08-14 00:00:00;57,0
2020-08-15 00:00:00;56,6
2020-08-16 00:00:00;60,2
2020-08-17 00:00:00;67,8
2020-08-18 00:00:00;50,7
2020-08-19 00:00:00;57,8
2020-08-20 00:00:00;63,6
2020-08-21 00:00:00;63,8
2020-08-22 00:00:00;50,9
2020-08-23 00:00:00;44,5
2020-08-24 00:00:00;47,8
2020-08-25 00:00:00;56,6
2020-08-26 00:00:00;45,8
2020-08-27 00:00:00;45,5
2020-08-28 00:00:00;77,1
2020-08-29 00:00:00;90,7
2020-08-30 00:00:00;73,0
2020-08-31 00:00:00;54,1
2020-09-01 00:00:00;52,6
2020-09-02 00:00:00;66,5
2020-09-03 00:00:00;60,9
2020-09-04 00:00:00;68,5
2020-09-05 00:00:00;71,0
2020-09-06 00:00:00;61,8
2020-09-07 00:00:00;68,7
2020-09-08 00:00:00;69,8
2020-09-09 00:00:00;70,2
2020-09-10 00:00:00;70,2
2020-09-11 00:00:00;73,4
2020-09-12 00:00:00;69,0
2020-09-13 00:00:00;66,9
2020-09-14 00:00:00;66,9
2020-09-15 00:00:00;66,3
2020-09-16 00:00:00;69,9
2020-09-17 00:00:00;61,7
2020-09-18 00:00:00;65,9
2020-09-19 00:00:00;81,7
2020-09-20 00:00:00;85,1
2020-09-21 00:00:00;88,3
2020-09-22 00:00:00;87,5
2020-09-23 00:00:00;79,9
2020-09-24 00:00:00;81,1
2020-09-25 00:00:00;57,6
2020-09-26 00:00:00;39,4
2020-09-27 00:00:00;59,0
2020-09-28 00:00:00;53,5
2020-09-29 00:00:00;72,9
2020-09-30 00:00:00;74,9
2020-10-01 00:00:00;78,4
2020-10-02 00:00:00;86,0
2020-10-03 00:00:00;73,6
2020-10-04 00:00:00;74,1
2020-10-05 00:00:00;84,6
2020-10-06 00:00:00;88,1
2020-10-07 00:00:00;63,4
2020-10-08 00:00:00;67,6
2020-10-09 00:00:00;78,0
2020-10-10 00:00:00;71,6
2020-10-11 00:00:00;44,5
2020-10-12 00:00:00;38,9
2020-10-13 00:00:00;60,4
2020-10-14 00:00:00;72,9
2020-10-15 00:00:00;80,4
2020-10-16 00:00:00;79,2
2020-10-17 00:00:00;74,7
2020-10-18 00:00:00;76,6
2020-10-19 00:00:00;76,3
2020-10-20 00:00:00;79,4
2020-10-21 00:00:00;83,4
2020-10-22 00:00:00;83,4
2020-10-23 00:00:00;96,4
2020-10-24 00:00:00;81,3
2020-10-25 00:00:00;80,8
2020-10-26 00:00:00;83,6
2020-10-27 00:00:00;48,6
2020-10-28 00:00:00;68,6
2020-10-29 00:00:00;52,0
2020-10-30 00:00:00;74,7
2020-10-31 00:00:00;73,1
2020-11-01 00:00:00;74,7
2020-11-02 00:00:00;82,5
2020-11-03 00:00:00;89,0
2020-11-04 00:00:00;87,0
2020-11-05 00:00:00;79,6
2020-11-06 00:00:00;80,7
2020-11-07 00:00:00;81,5
2020-11-08 00:00:00;78,3
2020-11-09 00:00:00;82,5
2020-11-10 00:00:00;78,5
2020-11-11 00:00:00;77,1
2020-11-12 00:00:00;76,5
2020-11-13 00:00:00;75,5
2020-11-14 00:00:00;83,8
2020-11-15 00:00:00;84,4
2020-11-16 00:00:00;67,3
2020-11-17 00:00:00;71,3
2020-11-18 00:00:00;80,4
2020-11-19 00:00:00;62,2
2020-11-20 00:00:00;41,0
2020-11-21 00:00:00;66,1
2020-11-22 00:00:00;73,9
2020-11-23 00:00:00;74,2
2020-11-24 00:00:00;77,1
2020-11-25 00:00:00;77,0
2020-11-26 00:00:00;77,4
2020-11-27 00:00:00;77,1
2020-11-28 00:00:00;81,6
2020-11-29 00:00:00;86,2
2020-11-30 00:00:00;83,9
2020-12-01 00:00:00;84,7
2020-12-02 00:00:00;80,9
2020-12-03 00:00:00;81,3
2020-12-04 00:00:00;95,2
2020-12-05 00:00:00;96,1
2020-12-06 00:00:00;95,0
2020-12-07 00:00:00;89,1
2020-12-08 00:00:00;86,7
2020-12-09 00:00:00;60,8
2020-12-10 00:00:00;75,1
2020-12-11 00:00:00;86,8
2020-12-12 00:00:00;92,2
2020-12-13 00:00:00;70,4
2020-12-14 00:00:00;78,5
2020-12-15 00:00:00;80,4
2020-12-16 00:00:00;86,0
2020-12-17 00:00:00;81,7
2020-12-18 00:00:00;87,0
2020-12-19 00:00:00;83,7
2020-12-20 00:00:00;82,0
2020-12-21 00:00:00;85,6
2020-12-22 00:00:00;94,0
2020-12-23 00:00:00;91,5
2020-12-24 00:00:00;62,6
2020-12-25 00:00:00;37,9
2020-12-26 00:00:00;47,9
2020-12-27 00:00:00;71,1
2020-12-28 00:00:00;92,5
2020-12-29 00:00:00;91,5
2020-12-30 00:00:00;79,8
2020-12-31 00:00:00;77,4
2021-01-01 00:00:00;85,6
2021-01-02 00:00:00;96,4
2021-01-03 00:00:00;98,7
2021-01-04 00:00:00;96,8
2021-01-05 00:00:00;93,5
2021-01-06 00:00:00;88,5
2021-01-07 00:00:00;85,0
2021-01-08 00:00:00;81,4
2021-01-09 00:00:00;77,4
2021-01-10 00:00:00;76,4
2021-01-11 00:00:00;78,1
2021-01-12 00:00:00;64,1
2021-01-13 00:00:00;54,1
2021-01-14 00:00:00;43,5
2021-01-15 00:00:00;75,1
2021-01-16 00:00:00;76,0
2021-01-17 00:00:00;49,7
2021-01-18 00:00:00;41,3
2021-01-19 00:00:00;65,5
2021-01-20 00:00:00;68,9
2021-01-21 00:00:00;89,7
2021-01-22 00:00:00;96,9
2021-01-23 00:00:00;61,7
2021-01-24 00:00:00;52,6
2021-01-25 00:00:00;60,5
2021-01-26 00:00:00;34,5
2021-01-27 00:00:00;71,3
2021-01-28 00:00:00;95,1
2021-01-29 00:00:00;72,1
2021-01-30 00:00:00;68,3
2021-01-31 00:00:00;76,8
2021-02-01 00:00:00;92,4
2021-02-02 00:00:00;90,7
2021-02-03 00:00:00;96,0
2021-02-04 00:00:00;94,0
2021-02-05 00:00:00;83,8
2021-02-06 00:00:00;93,0
2021-02-07 00:00:00;76,3
2021-02-08 00:00:00;49,2
2021-02-09 00:00:00;72,6
2021-02-10 00:00:00;65,3
2021-02-11 00:00:00;36,3
2021-02-12 00:00:00;78,6
2021-02-13 00:00:00;73,7
2021-02-14 00:00:00;67,0
2021-02-15 00:00:00;63,4
2021-02-16 00:00:00;69,6
2021-02-17 00:00:00;68,4
2021-02-18 00:00:00;71,4
2021-02-19 00:00:00;70,6
2021-02-20 00:00:00;66,8
2021-02-21 00:00:00;62,7
2021-02-22 00:00:00;69,9
2021-02-23 00:00:00;66,2
2021-02-24 00:00:00;64,2
2021-02-25 00:00:00;61,7
2021-02-26 00:00:00;56,5
2021-02-27 00:00:00;53,9
2021-02-28 00:00:00;52,6
2021-03-01 00:00:00;56,9
2021-03-02 00:00:00;50,8
2021-03-03 00:00:00;59,4
2021-03-04 00:00:00;62,0
2021-03-05 00:00:00;57,3
2021-03-06 00:00:00;70,0
2021-03-07 00:00:00;71,3
2021-03-08 00:00:00;68,0
2021-03-09 00:00:00;57,0
2021-03-10 00:00:00;43,6
2021-03-11 00:00:00;62,3
2021-03-12 00:00:00;43,3
2021-03-13 00:00:00;44,4
2021-03-14 00:00:00;49,8
2021-03-15 00:00:00;59,5
2021-03-16 00:00:00;37,8
2021-03-17 00:00:00;34,6
2021-03-18 00:00:00;34,8
2021-03-19 00:00:00;53,1
2021-03-20 00:00:00;47,3
2021-03-21 00:00:00;41,4
2021-03-22 00:00:00;37,7
2021-03-23 00:00:00;50,1
2021-03-24 00:00:00;46,2
2021-03-25 00:00:00;43,1
2021-03-26 00:00:00;53,7
2021-03-27 00:00:00;60,7
2021-03-28 00:00:00;51,2
2021-03-29 00:00:00;45,4
2021-03-30 00:00:00;48,0
2021-03-31 00:00:00;48,8
2021-04-01 00:00:00;47,0
2021-04-02 00:00:00;43,1
2021-04-03 00:00:00;37,3
2021-04-04 00:00:00;45,2
2021-04-05 00:00:00;44,3
2021-04-06 00:00:00;25,1
2021-04-07 00:00:00;22,3
2021-04-08 00:00:00;30,5
2021-04-09 00:00:00;46,8
2021-04-10 00:00:00;68,7
2021-04-11 00:00:00;80,9
2021-04-12 00:00:00;57,2
2021-04-13 00:00:00;30,8
2021-04-14 00:00:00;50,6
2021-04-15 00:00:00;54,9
2021-04-16 00:00:00;50,7
2021-04-17 00:00:00;45,6
2021-04-18 00:00:00;51,4
2021-04-19 00:00:00;48,0
2021-04-20 00:00:00;44,5
2021-04-21 00:00:00;63,3
2021-04-22 00:00:00;58,1
2021-04-23 00:00:00;56,8
2021-04-24 00:00:00;54,5
2021-04-25 00:00:00;51,0
2021-04-26 00:00:00;73,1
2021-04-27 00:00:00;69,8
2021-04-28 00:00:00;74,2
2021-04-29 00:00:00;88,3
2021-04-30 00:00:00;81,8
2021-05-01 00:00:00;84,1
2021-05-02 00:00:00;40,9
2021-05-03 00:00:00;43,1
2021-05-04 00:00:00;52,9
2021-05-05 00:00:00;44,5
2021-05-06 00:00:00;60,7
2021-05-07 00:00:00;51,7
2021-05-08 00:00:00;54,6
2021-05-09 00:00:00;64,4
2021-05-10 00:00:00;82,4
2021-05-11 00:00:00;83,7
2021-05-12 00:00:00;36,7
2021-05-13 00:00:00;42,8
2021-05-14 00:00:00;44,2
2021-05-15 00:00:00;73,7
2021-05-16 00:00:00;84,8
2021-05-17 00:00:00;56,9
2021-05-18 00:00:00;46,2
2021-05-19 00:00:00;40,0
2021-05-20 00:00:00;35,4
2021-05-21 00:00:00;66,8
2021-05-22 00:00:00;52,6
2021-05-23 00:00:00;37,6
2021-05-24 00:00:00;60,7
2021-05-25 00:00:00;30,7
2021-05-26 00:00:00;48,2
2021-05-27 00:00:00;45,1
2021-05-28 00:00:00;49,3
2021-05-29 00:00:00;51,1
2021-05-30 00:00:00;56,3
2021-05-31 00:00:00;55,7
2021-06-01 00:00:00;58,8
2021-06-02 00:00:00;84,0
2021-06-03 00:00:00;70,7
2021-06-04 00:00:00;66,7
2021-06-05 00:00:00;66,2
2021-06-06 00:00:00;53,7
2021-06-07 00:00:00;75,8
2021-06-08 00:00:00;77,4
2021-06-09 00:00:00;68,8
2021-06-10 00:00:00;57,7
2021-06-11 00:00:00;54,4
2021-06-12 00:00:00;45,8
2021-06-13 00:00:00;42,0
2021-06-14 00:00:00;56,3
2021-06-15 00:00:00;66,5
2021-06-16 00:00:00;64,6
2021-06-17 00:00:00;62,3
2021-06-18 00:00:00;57,7
2021-06-19 00:00:00;66,7
2021-06-20 00:00:00;76,2
2021-06-21 00:00:00;64,7
2021-06-22 00:00:00;67,7
2021-06-23 00:00:00;70,5
2021-06-24 00:00:00;67,4
2021-06-25 00:00:00;52,2
2021-06-26 00:00:00;55,5
2021-06-27 00:00:00;67,2
2021-06-28 00:00:00;68,6
2021-06-29 00:00:00;67,5
2021-06-30 00:00:00;37,2
2021-07-01 00:00:00;41,4
2021-07-02 00:00:00;43,5
2021-07-03 00:00:00;61,2
2021-07-04 00:00:00;59,8
2021-07-05 00:00:00;48,0
2021-07-06 00:00:00;63,2
2021-07-07 00:00:00;63,3
2021-07-08 00:00:00;78,0
2021-07-09 00:00:00;48,9
2021-07-10 00:00:00;60,9
2021-07-11 00:00:00;63,0
2021-07-12 00:00:00;65,6
2021-07-13 00:00:00;86,0
2021-07-14 00:00:00;64,2
2021-07-15 00:00:00;64,1
2021-07-16 00:00:00;67,1
2021-07-17 00:00:00;56,4
2021-07-18 00:00:00;54,8
2021-07-19 00:00:00;55,4
2021-07-20 00:00:00;55,9
2021-07-21 00:00:00;55,0
2021-07-22 00:00:00;60,8
2021-07-23 00:00:00;58,1
2021-07-24 00:00:00;66,0
2021-07-25 00:00:00;67,1
2021-07-26 00:00:00;77,0
2021-07-27 00:00:00;76,3
2021-07-28 00:00:00;76,0
2021-07-29 00:00:00;64,4
2021-07-30 00:00:00;78,7
2021-07-31 00:00:00;71,7
2021-08-01 00:00:00;61,3
2021-08-02 00:00:00;55,4
2021-08-03 00:00:00;63,1
2021-08-04 00:00:00;77,4
2021-08-05 00:00:00;39,3
2021-08-06 00:00:00;47,9
2021-08-07 00:00:00;76,5
2021-08-08 00:00:00;56,3
2021-08-09 00:00:00;60,5
2021-08-10 00:00:00;64,2
2021-08-11 00:00:00;54,8
2021-08-12 00:00:00;59,8
2021-08-13 00:00:00;66,0
2021-08-14 00:00:00;59,3
2021-08-15 00:00:00;55,6
2021-08-16 00:00:00;44,3
2021-08-17 00:00:00;39,8
2021-08-18 00:00:00;54,1
2021-08-19 00:00:00;60,0
2021-08-20 00:00:00;63,8
2021-08-21 00:00:00;62,2
2021-08-22 00:00:00;51,8
2021-08-23 00:00:00;44,9
2021-08-24 00:00:00;61,8
2021-08-25 00:00:00;62,9
2021-08-26 00:00:00;49,2
2021-08-27 00:00:00;49,0
2021-08-28 00:00:00;47,7
2021-08-29 00:00:00;47,7
2021-08-30 00:00:00;55,7
2021-08-31 00:00:00;57,2
2021-09-01 00:00:00;56,5
2021-09-02 00:00:00;58,4
2021-09-03 00:00:00;62,8
2021-09-04 00:00:00;63,6
2021-09-05 00:00:00;63,6
2021-09-06 00:00:00;62,1
2021-09-07 00:00:00;61,3
2021-09-08 00:00:00;57,0
2021-09-09 00:00:00;57,5
2021-09-10 00:00:00;82,2
2021-09-11 00:00:00;67,7
2021-09-12 00:00:00;64,7
2021-09-13 00:00:00;66,7
2021-09-14 00:00:00;71,0
2021-09-15 00:00:00;86,2
2021-09-16 00:00:00;79,8
2021-09-17 00:00:00;68,2
2021-09-18 00:00:00;69,4
2021-09-19 00:00:00;60,0
2021-09-20 00:00:00;71,2
2021-09-21 00:00:00;69,0
2021-09-22 00:00:00;71,9
2021-09-23 00:00:00;73,8
2021-09-24 00:00:00;71,9
2021-09-25 00:00:00;80,2
2021-09-26 00:00:00;84,8
2021-09-27 00:00:00;71,5
2021-09-28 00:00:00;71,8
2021-09-29 00:00:00;54,8
2021-09-30 00:00:00;57,7
2021-10-01 00:00:00;73,8
2021-10-02 00:00:00;74,1
2021-10-03 00:00:00;77,0
2021-10-04 00:00:00;90,8
2021-10-05 00:00:00;84,5
2021-10-06 00:00:00;45,1
2021-10-07 00:00:00;45,6
2021-10-08 00:00:00;68,7
2021-10-09 00:00:00;71,1
2021-10-10 00:00:00;74,2
2021-10-11 00:00:00;66,5
2021-10-12 00:00:00;59,0
2021-10-13 00:00:00;49,4
2021-10-14 00:00:00;68,9
2021-10-15 00:00:00;75,9
2021-10-16 00:00:00;75,6
2021-10-17 00:00:00;76,2
2021-10-18 00:00:00;70,5
2021-10-19 00:00:00;72,2
2021-10-20 00:00:00;78,5
2021-10-21 00:00:00;79,1
2021-10-22 00:00:00;72,5
2021-10-23 00:00:00;73,9
2021-10-24 00:00:00;77,9
2021-10-25 00:00:00;76,0
2021-10-26 00:00:00;75,7
2021-10-27 00:00:00;77,1
2021-10-28 00:00:00;76,7
2021-10-29 00:00:00;80,5
2021-10-30 00:00:00;92,5
2021-10-31 00:00:00;94,2
2021-11-01 00:00:00;90,6
2021-11-02 00:00:00;63,9
2021-11-03 00:00:00;89,5
2021-11-04 00:00:00;51,7
2021-11-05 00:00:00;66,9
2021-11-06 00:00:00;65,8
2021-11-07 00:00:00;64,5
2021-11-08 00:00:00;71,3
2021-11-09 00:00:00;83,9
2021-11-10 00:00:00;94,0
2021-11-11 00:00:00;91,1
2021-11-12 00:00:00;86,2
2021-11-13 00:00:00;82,6
2021-11-14 00:00:00;86,8
2021-11-15 00:00:00;
2021-11-16 00:00:00;86,2
2021-11-17 00:00:00;88,8
2021-11-18 00:00:00;82,4
2021-11-19 00:00:00;81,4
2021-11-20 00:00:00;79,6
2021-11-21 00:00:00;84,0
2021-11-22 00:00:00;94,1
2021-11-23 00:00:00;86,1
2021-11-24 00:00:00;81,7
2021-11-25 00:00:00;95,0
2021-11-26 00:00:00;71,7
2021-11-27 00:00:00;69,6
2021-11-28 00:00:00;42,0
2021-11-29 00:00:00;37,2
2021-11-30 00:00:00;30,1
2021-12-01 00:00:00;72,7
2021-12-02 00:00:00;60,4
2021-12-03 00:00:00;43,7
2021-12-04 00:00:00;91,3
2021-12-05 00:00:00;61,0
2021-12-06 00:00:00;51,4
2021-12-07 00:00:00;55,7
2021-12-08 00:00:00;
2021-12-09 00:00:00;59,9
2021-12-10 00:00:00;86,4
2021-12-11 00:00:00;46,4
2021-12-12 00:00:00;65,2
2021-12-13 00:00:00;88,2
2021-12-14 00:00:00;81,7
2021-12-15 00:00:00;80,6
2021-12-16 00:00:00;86,0
2021-12-17 00:00:00;80,6
2021-12-18 00:00:00;76,8
2021-12-19 00:00:00;78,2
2021-12-20 00:00:00;75,6
2021-12-21 00:00:00;74,3
2021-12-22 00:00:00;82,3
2021-12-23 00:00:00;77,1
2021-12-24 00:00:00;81,6
2021-12-25 00:00:00;90,1
2021-12-26 00:00:00;94,1
2021-12-27 00:00:00;94,4
2021-12-28 00:00:00;
2021-12-29 00:00:00;
2021-12-30 00:00:00;65,4
2021-12-31 00:00:00;79,6
2022-01-01 00:00:00;75,9
2022-01-02 00:00:00;73,3
2022-01-03 00:00:00;61,4
2022-01-04 00:00:00;92,9
2022-01-05 00:00:00;50,7
2022-01-06 00:00:00;49,0
2022-01-07 00:00:00;58,6
2022-01-08 00:00:00;47,8
2022-01-09 00:00:00;73,2
2022-01-10 00:00:00;55,7
2022-01-11 00:00:00;68,1
2022-01-12 00:00:00;68,1
2022-01-13 00:00:00;72,1
2022-01-14 00:00:00;74,4
2022-01-15 00:00:00;74,6
2022-01-16 00:00:00;55,9
2022-01-17 00:00:00;37,8
2022-01-18 00:00:00;65,2
2022-01-19 00:00:00;72,8
2022-01-20 00:00:00;43,4
2022-01-21 00:00:00;57,2
2022-01-22 00:00:00;64,6
2022-01-23 00:00:00;67,4
2022-01-24 00:00:00;69,7
2022-01-25 00:00:00;76,3
2022-01-26 00:00:00;64,7
2022-01-27 00:00:00;44,5
2022-01-28 00:00:00;18,8
2022-01-29 00:00:00;34,2
2022-01-30 00:00:00;20,5
2022-01-31 00:00:00;33,5
2022-02-01 00:00:00;37,5
2022-02-02 00:00:00;41,2
2022-02-03 00:00:00;53,5
2022-02-04 00:00:00;73,8
2022-02-05 00:00:00;40,9
2022-02-06 00:00:00;46,7
2022-02-07 00:00:00;32,6
2022-02-08 00:00:00;48,9
2022-02-09 00:00:00;56,4
2022-02-10 00:00:00;64,5
2022-02-11 00:00:00;60,1
2022-02-12 00:00:00;57,7
2022-02-13 00:00:00;63,9
2022-02-14 00:00:00;73,2
2022-02-15 00:00:00;54,4
2022-02-16 00:00:00;49,5
2022-02-17 00:00:00;33,4
2022-02-18 00:00:00;54,6
2022-02-19 00:00:00;50,4
2022-02-20 00:00:00;28,3
2022-02-21 00:00:00;38,6
2022-02-22 00:00:00;29,8
2022-02-23 00:00:00;40,3
2022-02-24 00:00:00;55,5
2022-02-25 00:00:00;31,6
2022-02-26 00:00:00;29,5
2022-02-27 00:00:00;42,1
2022-02-28 00:00:00;42,8
2022-03-01 00:00:00;54,6
2022-03-02 00:00:00;53,9
2022-03-03 00:00:00;50,0
2022-03-04 00:00:00;57,7
2022-03-05 00:00:00;55,8
2022-03-06 00:00:00;53,0
2022-03-07 00:00:00;53,0
2022-03-08 00:00:00;59,4
2022-03-09 00:00:00;54,5
2022-03-10 00:00:00;48,3
2022-03-11 00:00:00;57,4
2022-03-12 00:00:00;61,2
2022-03-13 00:00:00;60,1
2022-03-14 00:00:00;68,1
2022-03-15 00:00:00;84,3
2022-03-16 00:00:00;75,0
2022-03-17 00:00:00;81,9
2022-03-18 00:00:00;75,6
2022-03-19 00:00:00;57,1
2022-03-20 00:00:00;35,2
2022-03-21 00:00:00;53,6
2022-03-22 00:00:00;50,5
2022-03-23 00:00:00;41,1
2022-03-24 00:00:00;38,5
2022-03-25 00:00:00;38,7
2022-03-26 00:00:00;39,2
2022-03-27 00:00:00;43,3
2022-03-28 00:00:00;40,6
2022-03-29 00:00:00;42,1
2022-03-30 00:00:00;68,8
2022-03-31 00:00:00;54,3
2022-04-01 00:00:00;56,5
2022-04-02 00:00:00;47,2
2022-04-03 00:00:00;47,2
2022-04-04 00:00:00;54,3
2022-04-05 00:00:00;51,4
2022-04-06 00:00:00;61,6
2022-04-07 00:00:00;64,0
2022-04-08 00:00:00;61,1
2022-04-09 00:00:00;41,0
2022-04-10 00:00:00;30,7
2022-04-11 00:00:00;46,0
2022-04-12 00:00:00;51,2
2022-04-13 00:00:00;51,2
2022-04-14 00:00:00;50,2
2022-04-15 00:00:00;45,0
2022-04-16 00:00:00;41,9
2022-04-17 00:00:00;50,4
2022-04-18 00:00:00;51,6
2022-04-19 00:00:00;46,8
2022-04-20 00:00:00;64,8
2022-04-21 00:00:00;60,0
2022-04-22 00:00:00;60,4
2022-04-23 00:00:00;78,7
2022-04-24 00:00:00;68,3
2022-04-25 00:00:00;61,8
2022-04-26 00:00:00;51,6
2022-04-27 00:00:00;51,6
2022-04-28 00:00:00;51,9
2022-04-29 00:00:00;57,4
2022-04-30 00:00:00;59,3
2022-05-01 00:00:00;51,5
2022-05-02 00:00:00;51,7
2022-05-03 00:00:00;72,0
2022-05-04 00:00:00;68,1
2022-05-05 00:00:00;85,2
2022-05-06 00:00:00;81,1
2022-05-07 00:00:00;77,6
2022-05-08 00:00:00;70,9
2022-05-09 00:00:00;64,2
2022-05-10 00:00:00;60,1
2022-05-11 00:00:00;57,0
2022-05-12 00:00:00;58,8
2022-05-13 00:00:00;63,0
2022-05-14 00:00:00;60,1
2022-05-15 00:00:00;65,8
2022-05-16 00:00:00;60,4
2022-05-17 00:00:00;53,7
2022-05-18 00:00:00;53,5
2022-05-19 00:00:00;58,8
2022-05-20 00:00:00;63,1
2022-05-21 00:00:00;46,3
2022-05-22 00:00:00;59,4
2022-05-23 00:00:00;67,2
2022-05-24 00:00:00;62,9
2022-05-25 00:00:00;62,1
2022-05-26 00:00:00;62,0
2022-05-27 00:00:00;53,5
2022-05-28 00:00:00;40,1
2022-05-29 00:00:00;58,3
2022-05-30 00:00:00;58,2
2022-05-31 00:00:00;69,5
2022-06-01 00:00:00;76,0
2022-06-02 00:00:00;73,8
2022-06-03 00:00:00;78,1
2022-06-04 00:00:00;72,0
2022-06-05 00:00:00;60,4
2022-06-06 00:00:00;51,6
2022-06-07 00:00:00;38,8
2022-06-08 00:00:00;42,7
2022-06-09 00:00:00;34,1
2022-06-10 00:00:00;37,5
2022-06-11 00:00:00;45,5
2022-06-12 00:00:00;48,5
2022-06-13 00:00:00;43,7
2022-06-14 00:00:00;54,6
2022-06-15 00:00:00;61,8
2022-06-16 00:00:00;44,6
2022-06-17 00:00:00;45,3
2022-06-18 00:00:00;49,6
2022-06-19 00:00:00;55,9
2022-06-20 00:00:00;55,9
2022-06-21 00:00:00;70,9
2022-06-22 00:00:00;80,4
2022-06-23 00:00:00;67,7
2022-06-24 00:00:00;59,1
2022-06-25 00:00:00;51,1
2022-06-26 00:00:00;56,3
2022-06-27 00:00:00;63,7
2022-06-28 00:00:00;91,4
2022-06-29 00:00:00;60,4
2022-06-30 00:00:00;69,3
2022-07-01 00:00:00;58,4
2022-07-02 00:00:00;53,5
2022-07-03 00:00:00;54,2
2022-07-04 00:00:00;60,0
2022-07-05 00:00:00;44,3
2022-07-06 00:00:00;47,3
2022-07-07 00:00:00;40,1
2022-07-08 00:00:00;42,0
2022-07-09 00:00:00;51,9
2022-07-10 00:00:00;44,0
2022-07-11 00:00:00;51,5
2022-07-12 00:00:00;54,1
2022-07-13 00:00:00;57,0
2022-07-14 00:00:00;60,6
2022-07-15 00:00:00;43,8
2022-07-16 00:00:00;48,4
2022-07-17 00:00:00;50,9
2022-07-18 00:00:00;53,2
2022-07-19 00:00:00;54,1
2022-07-20 00:00:00;60,3
2022-07-21 00:00:00;54,2
2022-07-22 00:00:00;48,8
2022-07-23 00:00:00;59,5
2022-07-24 00:00:00;54,9
2022-07-25 00:00:00;45,7
2022-07-26 00:00:00;41,4
2022-07-27 00:00:00;50,7
2022-07-28 00:00:00;67,5
2022-07-29 00:00:00;73,2
2022-07-30 00:00:00;35,7
2022-07-31 00:00:00;43,7
2022-08-01 00:00:00;42,8
2022-08-02 00:00:00;48,4
2022-08-03 00:00:00;53,6
2022-08-04 00:00:00;58,4
2022-08-05 00:00:00;69,0
2022-08-06 00:00:00;56,8
2022-08-07 00:00:00;63,1
2022-08-08 00:00:00;53,8
2022-08-09 00:00:00;57,4
2022-08-10 00:00:00;59,5
2022-08-11 00:00:00;57,2
2022-08-12 00:00:00;58,2
2022-08-13 00:00:00;47,9
2022-08-14 00:00:00;62,0
2022-08-15 00:00:00;62,2
2022-08-16 00:00:00;55,7
2022-08-17 00:00:00;67,5
2022-08-18 00:00:00;82,0
2022-08-19 00:00:00;66,5
2022-08-20 00:00:00;44,2
2022-08-21 00:00:00;51,8
2022-08-22 00:00:00;47,2
2022-08-23 00:00:00;48,4
2022-08-24 00:00:00;54,2
2022-08-25 00:00:00;55,2
2022-08-26 00:00:00;80,0
2022-08-27 00:00:00;65,9
2022-08-28 00:00:00;60,9
2022-08-29 00:00:00;61,1
2022-08-30 00:00:00;62,5
2022-08-31 00:00:00;62,2
2022-09-01 00:00:00;60,7
2022-09-02 00:00:00;68,5
2022-09-03 00:00:00;73,0
2022-09-04 00:00:00;65,0
2022-09-05 00:00:00;64,1
2022-09-06 00:00:00;69,2
2022-09-07 00:00:00;75,2
2022-09-08 00:00:00;55,1
2022-09-09 00:00:00;40,1
2022-09-10 00:00:00;40,8
2022-09-11 00:00:00;47,8
2022-09-12 00:00:00;60,4
2022-09-13 00:00:00;63,6
2022-09-14 00:00:00;79,3
2022-09-15 00:00:00;52,0
2022-09-16 00:00:00;37,0
2022-09-17 00:00:00;27,4
2022-09-18 00:00:00;32,5
2022-09-19 00:00:00;27,0
2022-09-20 00:00:00;50,8
2022-09-21 00:00:00;64,1
2022-09-22 00:00:00;61,2
2022-09-23 00:00:00;64,2
2022-09-24 00:00:00;84,2
2022-09-25 00:00:00;82,2
2022-09-26 00:00:00;46,7
2022-09-27 00:00:00;36,4
2022-09-28 00:00:00;74,0
2022-09-29 00:00:00;74,8
2022-09-30 00:00:00;75,7
2022-10-01 00:00:00;75,7
2022-10-02 00:00:00;43,4
2022-10-03 00:00:00;47,5
2022-10-04 00:00:00;64,8
2022-10-05 00:00:00;62,8
2022-10-06 00:00:00;68,5
2022-10-07 00:00:00;67,3
2022-10-08 00:00:00;74,8
2022-10-09 00:00:00;89,7
2022-10-10 00:00:00;83,7
2022-10-11 00:00:00;68,8
2022-10-12 00:00:00;79,0
2022-10-13 00:00:00;77,3
2022-10-14 00:00:00;77,8
2022-10-15 00:00:00;78,2
2022-10-16 00:00:00;68,7
2022-10-17 00:00:00;72,4
2022-10-18 00:00:00;73,1
2022-10-19 00:00:00;69,2
2022-10-20 00:00:00;80,3
2022-10-21 00:00:00;
2022-10-22 00:00:00;77,1
2022-10-23 00:00:00;84,4
2022-10-24 00:00:00;87,6
2022-10-25 00:00:00;77,9
2022-10-26 00:00:00;81,1
2022-10-27 00:00:00;75,1
2022-10-28 00:00:00;78,9
2022-10-29 00:00:00;76,8
2022-10-30 00:00:00;77,8
2022-10-31 00:00:00;73,5
2022-11-01 00:00:00;84,5
2022-11-02 00:00:00;82,5
2022-11-03 00:00:00;82,7
2022-11-04 00:00:00;49,6
2022-11-05 00:00:00;45,3
2022-11-06 00:00:00;66,8
2022-11-07 00:00:00;76,3
2022-11-08 00:00:00;78,7
2022-11-09 00:00:00;82,0
2022-11-10 00:00:00;
2022-11-11 00:00:00;76,2
2022-11-12 00:00:00;77,3
2022-11-13 00:00:00;72,1
2022-11-14 00:00:00;88,5
2022-11-15 00:00:00;87,2
2022-11-16 00:00:00;78,3
2022-11-17 00:00:00;84,0
2022-11-18 00:00:00;58,3
2022-11-19 00:00:00;64,6
2022-11-20 00:00:00;53,9
2022-11-21 00:00:00;56,2
2022-11-22 00:00:00;57,6
2022-11-23 00:00:00;57,7
2022-11-24 00:00:00;46,9
2022-11-25 00:00:00;62,8
2022-11-26 00:00:00;54,8
2022-11-27 00:00:00;65,5
2022-11-28 00:00:00;76,1
2022-11-29 00:00:00;95,0
2022-11-30 00:00:00;84,4
2022-12-01 00:00:00;70,4
2022-12-02 00:00:00;78,9
2022-12-03 00:00:00;94,9
2022-12-04 00:00:00;
2022-12-05 00:00:00;83,3
2022-12-06 00:00:00;87,0
2022-12-07 00:00:00;86,1
2022-12-08 00:00:00;82,9
2022-12-09 00:00:00;
2022-12-10 00:00:00;85,4
2022-12-11 00:00:00;43,5
2022-12-12 00:00:00;72,0
2022-12-13 00:00:00;84,4
2022-12-14 00:00:00;89,8
2022-12-15 00:00:00;96,8
2022-12-16 00:00:00;
2022-12-17 00:00:00;89,2
2022-12-18 00:00:00;82,9
2022-12-19 00:00:00;82,4
2022-12-20 00:00:00;83,8
2022-12-21 00:00:00;87,3
2022-12-22 00:00:00;70,4
2022-12-23 00:00:00;
2022-12-24 00:00:00;76,6
2022-12-25 00:00:00;
2022-12-26 00:00:00;80,7
2022-12-27 00:00:00;48,3
2022-12-28 00:00:00;73,8
2022-12-29 00:00:00;78,7
2022-12-30 00:00:00;89,9
2022-12-31 00:00:00;
2023-01-01 00:00:00;87,4
2023-01-02 00:00:00;88,1
2023-01-03 00:00:00;88,1
2023-01-04 00:00:00;81,3
2023-01-05 00:00:00;60,7
2023-01-06 00:00:00;78,1
2023-01-07 00:00:00;78,9
2023-01-08 00:00:00;89,4
2023-01-09 00:00:00;62,7
2023-01-10 00:00:00;46,8
2023-01-11 00:00:00;71,2
2023-01-12 00:00:00;49,4
2023-01-13 00:00:00;49,1
2023-01-14 00:00:00;48,5
2023-01-15 00:00:00;61,3
2023-01-16 00:00:00;73,4
2023-01-17 00:00:00;
2023-01-18 00:00:00;70,1
2023-01-19 00:00:00;36,0
2023-01-20 00:00:00;43,5
2023-01-21 00:00:00;35,2
2023-01-22 00:00:00;61,1
2023-01-23 00:00:00;67,1
2023-01-24 00:00:00;91,2
2023-01-25 00:00:00;74,7
2023-01-26 00:00:00;69,6
2023-01-27 00:00:00;70,5
2023-01-28 00:00:00;61,7
2023-01-29 00:00:00;66,3
2023-01-30 00:00:00;46,7
2023-01-31 00:00:00;32,5
2023-02-01 00:00:00;30,5
2023-02-02 00:00:00;30,6
2023-02-03 00:00:00;21,8
2023-02-04 00:00:00;29,4
2023-02-05 00:00:00;67,2
2023-02-06 00:00:00;64,7
2023-02-07 00:00:00;47,6
2023-02-08 00:00:00;54,6
2023-02-09 00:00:00;55,3
2023-02-10 00:00:00;56,2
2023-02-11 00:00:00;54,5
2023-02-12 00:00:00;56,5
2023-02-13 00:00:00;64,5
2023-02-14 00:00:00;60,3
2023-02-15 00:00:00;57,4
2023-02-16 00:00:00;57,2
2023-02-17 00:00:00;58,8
2023-02-18 00:00:00;64,9
2023-02-19 00:00:00;47,6
2023-02-20 00:00:00;61,1
2023-02-21 00:00:00;71,6
2023-02-22 00:00:00;79,1
2023-02-23 00:00:00;72,6
2023-02-24 00:00:00;73,1
2023-02-25 00:00:00;67,3
2023-02-26 00:00:00;65,1
2023-02-27 00:00:00;62,2
2023-02-28 00:00:00;64,6
2023-03-01 00:00:00;65,2
2023-03-02 00:00:00;79,1
2023-03-03 00:00:00;62,3
2023-03-04 00:00:00;59,2
2023-03-05 00:00:00;51,0
2023-03-06 00:00:00;45,0
2023-03-07 00:00:00;53,8
2023-03-08 00:00:00;75,3
2023-03-09 00:00:00;48,7
2023-03-10 00:00:00;65,5
2023-03-11 00:00:00;75,3
2023-03-12 00:00:00;45,6
2023-03-13 00:00:00;62,1
2023-03-14 00:00:00;56,5
2023-03-15 00:00:00;32,3
2023-03-16 00:00:00;51,3
2023-03-17 00:00:00;61,7
2023-03-18 00:00:00;60,4
2023-03-19 00:00:00;65,1
2023-03-20 00:00:00;60,5
2023-03-21 00:00:00;56,2
2023-03-22 00:00:00;54,7
2023-03-23 00:00:00;60,0
2023-03-24 00:00:00;87,2
2023-03-25 00:00:00;43,3
2023-03-26 00:00:00;65,4
2023-03-27 00:00:00;41,5
2023-03-28 00:00:00;32,0
2023-03-29 00:00:00;52,6
2023-03-30 00:00:00;75,6
2023-03-31 00:00:00;87,2
2023-04-01 00:00:00;52,6
2023-04-02 00:00:00;41,6
2023-04-03 00:00:00;47,3
2023-04-04 00:00:00;52,5
2023-04-05 00:00:00;47,9
2023-04-06 00:00:00;45,0
2023-04-07 00:00:00;49,2
2023-04-08 00:00:00;42,6
2023-04-09 00:00:00;49,1
2023-04-10 00:00:00;55,6
2023-04-11 00:00:00;58,6
2023-04-12 00:00:00;68,0
2023-04-13 00:00:00;31,0
2023-04-14 00:00:00;33,1
2023-04-15 00:00:00;48,1
2023-04-16 00:00:00;35,4
2023-04-17 00:00:00;49,9
2023-04-18 00:00:00;55,6
2023-04-19 00:00:00;45,1
2023-04-20 00:00:00;69,1
2023-04-21 00:00:00;78,6
2023-04-22 00:00:00;67,5
2023-04-23 00:00:00;71,1
2023-04-24 00:00:00;35,2
2023-04-25 00:00:00;42,0
2023-04-26 00:00:00;41,6
2023-04-27 00:00:00;51,8
2023-04-28 00:00:00;61,0
2023-04-29 00:00:00;76,2
2023-04-30 00:00:00;86,5
2023-05-01 00:00:00;90,7
2023-05-02 00:00:00;50,8
2023-05-03 00:00:00;60,1
2023-05-04 00:00:00;62,3
2023-05-05 00:00:00;65,5
2023-05-06 00:00:00;60,9
2023-05-07 00:00:00;74,3
2023-05-08 00:00:00;65,6
2023-05-09 00:00:00;76,2
2023-05-10 00:00:00;45,3
2023-05-11 00:00:00;43,3
2023-05-12 00:00:00;69,9
2023-05-13 00:00:00;69,5
2023-05-14 00:00:00;56,7
2023-05-15 00:00:00;40,7
2023-05-16 00:00:00;40,9
2023-05-17 00:00:00;62,0
2023-05-18 00:00:00;73,1
2023-05-19 00:00:00;84,2
2023-05-20 00:00:00;
2023-05-21 00:00:00;
2023-05-22 00:00:00;65,7
2023-05-23 00:00:00;59,5
2023-05-24 00:00:00;76,6
2023-05-25 00:00:00;77,3
2023-05-26 00:00:00;55,7
2023-05-27 00:00:00;66,9
2023-05-28 00:00:00;66,0
2023-05-29 00:00:00;62,1
2023-05-30 00:00:00;62,1
2023-05-31 00:00:00;76,9
2023-06-01 00:00:00;60,6
2023-06-02 00:00:00;64,2
2023-06-03 00:00:00;65,1
2023-06-04 00:00:00;80,3
2023-06-05 00:00:00;70,6
2023-06-06 00:00:00;60,9
2023-06-07 00:00:00;61,9
2023-06-08 00:00:00;65,9
2023-06-09 00:00:00;69,0
2023-06-10 00:00:00;74,9
2023-06-11 00:00:00;63,8
2023-06-12 00:00:00;65,8
2023-06-13 00:00:00;73,6
2023-06-14 00:00:00;67,4
2023-06-15 00:00:00;41,0
2023-06-16 00:00:00;31,0
2023-06-17 00:00:00;45,2
2023-06-18 00:00:00;59,9
2023-06-19 00:00:00;65,3
2023-06-20 00:00:00;69,4
2023-06-21 00:00:00;67,4
2023-06-22 00:00:00;79,6
2023-06-23 00:00:00;39,6
2023-06-24 00:00:00;44,5
2023-06-25 00:00:00;57,7
2023-06-26 00:00:00;51,2
2023-06-27 00:00:00;43,2
2023-06-28 00:00:00;52,5
2023-06-29 00:00:00;76,1
2023-06-30 00:00:00;82,6
2023-07-01 00:00:00;52,2
2023-07-02 00:00:00;40,4
2023-07-03 00:00:00;41,3
2023-07-04 00:00:00;53,6
2023-07-05 00:00:00;42,1
2023-07-06 00:00:00;45,4
2023-07-07 00:00:00;61,6
2023-07-08 00:00:00;65,6
2023-07-09 00:00:00;51,3
2023-07-10 00:00:00;50,0
2023-07-11 00:00:00;51,8
2023-07-12 00:00:00;77,8
2023-07-13 00:00:00;57,3
2023-07-14 00:00:00;61,6
2023-07-15 00:00:00;64,2
2023-07-16 00:00:00;61,0
2023-07-17 00:00:00;51,4
2023-07-18 00:00:00;67,1
2023-07-19 00:00:00;47,6
2023-07-20 00:00:00;43,0
2023-07-21 00:00:00;43,8
2023-07-22 00:00:00;38,1
2023-07-23 00:00:00;49,2
2023-07-24 00:00:00;83,2
2023-07-25 00:00:00;50,2
2023-07-26 00:00:00;37,1
2023-07-27 00:00:00;56,0
2023-07-28 00:00:00;65,6
2023-07-29 00:00:00;74,6
2023-07-30 00:00:00;48,3
2023-07-31 00:00:00;53,0
2023-08-01 00:00:00;45,2
2023-08-02 00:00:00;53,3
2023-08-03 00:00:00;36,7
2023-08-04 00:00:00;37,8
2023-08-05 00:00:00;31,5
2023-08-06 00:00:00;26,8
2023-08-07 00:00:00;30,7
2023-08-08 00:00:00;46,0
2023-08-09 00:00:00;48,4
2023-08-10 00:00:00;56,6
2023-08-11 00:00:00;57,3
2023-08-12 00:00:00;61,0
2023-08-13 00:00:00;60,6
2023-08-14 00:00:00;71,8
2023-08-15 00:00:00;65,0
2023-08-16 00:00:00;62,0
2023-08-17 00:00:00;63,1
2023-08-18 00:00:00;55,1
2023-08-19 00:00:00;50,1
2023-08-20 00:00:00;53,7
2023-08-21 00:00:00;54,3
2023-08-22 00:00:00;56,3
2023-08-23 00:00:00;50,4
2023-08-24 00:00:00;54,2
2023-08-25 00:00:00;59,8
2023-08-26 00:00:00;71,9
2023-08-27 00:00:00;79,5
2023-08-28 00:00:00;63,7
2023-08-29 00:00:00;40,6
2023-08-30 00:00:00;50,5
2023-08-31 00:00:00;52,7
2023-09-01 00:00:00;64,5
2023-09-02 00:00:00;64,6
2023-09-03 00:00:00;62,0
2023-09-04 00:00:00;64,8
2023-09-05 00:00:00;65,5
2023-09-06 00:00:00;64,9
2023-09-07 00:00:00;64,6
2023-09-08 00:00:00;67,9
2023-09-09 00:00:00;66,1
2023-09-10 00:00:00;61,5
2023-09-11 00:00:00;63,3
2023-09-12 00:00:00;75,6
2023-09-13 00:00:00;85,7
2023-09-14 00:00:00;78,5
2023-09-15 00:00:00;75,5
2023-09-16 00:00:00;87,4
2023-09-17 00:00:00;75,6
2023-09-18 00:00:00;88,3
2023-09-19 00:00:00;57,2
2023-09-20 00:00:00;76,3
2023-09-21 00:00:00;77,9
2023-09-22 00:00:00;56,4
2023-09-23 00:00:00;35,1
2023-09-24 00:00:00;54,4
2023-09-25 00:00:00;60,9
2023-09-26 00:00:00;61,9
2023-09-27 00:00:00;67,7
2023-09-28 00:00:00;70,1
2023-09-29 00:00:00;68,9
2023-09-30 00:00:00;70,3
2023-10-01 00:00:00;65,6
2023-10-02 00:00:00;70,7
2023-10-03 00:00:00;63,0
2023-10-04 00:00:00;65,2
2023-10-05 00:00:00;70,4
2023-10-06 00:00:00;65,1
2023-10-07 00:00:00;60,1
2023-10-08 00:00:00;56,7
2023-10-09 00:00:00;46,4
2023-10-10 00:00:00;51,6
2023-10-11 00:00:00;65,0
2023-10-12 00:00:00;66,0
2023-10-13 00:00:00;65,8
2023-10-14 00:00:00;61,1
2023-10-15 00:00:00;47,2
2023-10-16 00:00:00;61,9
2023-10-17 00:00:00;66,5
2023-10-18 00:00:00;73,1
2023-10-19 00:00:00;
2023-10-20 00:00:00;
2023-10-21 00:00:00;
2023-10-22 00:00:00;75,9
2023-10-23 00:00:00;85,0
2023-10-24 00:00:00;
2023-10-25 00:00:00;
2023-10-26 00:00:00;
2023-10-27 00:00:00;58,3
2023-10-28 00:00:00;63,8
2023-10-29 00:00:00;78,3
2023-10-30 00:00:00;
2023-10-31 00:00:00;53,2
2023-11-01 00:00:00;81,7
2023-11-02 00:00:00;95,7
2023-11-03 00:00:00;60,6
2023-11-04 00:00:00;88,6
2023-11-05 00:00:00;85,4
2023-11-06 00:00:00;75,1
2023-11-07 00:00:00;65,5
2023-11-08 00:00:00;67,8
2023-11-09 00:00:00;89,8
2023-11-10 00:00:00;76,4
2023-11-11 00:00:00;62,5
2023-11-12 00:00:00;85,3
2023-11-13 00:00:00;65,8
2023-11-14 00:00:00;75,3
2023-11-15 00:00:00;35,6
2023-11-16 00:00:00;71,4
2023-11-17 00:00:00;36,2
2023-11-18 00:00:00;57,3
2023-11-19 00:00:00;67,2
2023-11-20 00:00:00;41,6
2023-11-21 00:00:00;44,6
2023-11-22 00:00:00;52,3
2023-11-23 00:00:00;66,3
2023-11-24 00:00:00;27,0
2023-11-25 00:00:00;27,9
2023-11-26 00:00:00;41,9
2023-11-27 00:00:00;65,2
2023-11-28 00:00:00;60,4
2023-11-29 00:00:00;50,3
2023-11-30 00:00:00;
2023-12-01 00:00:00;
2023-12-02 00:00:00;47,6
2023-12-03 00:00:00;61,9
2023-12-04 00:00:00;84,1
2023-12-05 00:00:00;76,0
2023-12-06 00:00:00;68,8
2023-12-07 00:00:00;75,3
2023-12-08 00:00:00;88,3
2023-12-09 00:00:00;
2023-12-10 00:00:00;71,5
2023-12-11 00:00:00;
2023-12-12 00:00:00;
2023-12-13 00:00:00;70,9
2023-12-14 00:00:00;50,4
2023-12-15 00:00:00;46,9
2023-12-16 00:00:00;70,9
2023-12-17 00:00:00;81,1
2023-12-18 00:00:00;81,2
2023-12-19 00:00:00;76,5
2023-12-20 00:00:00;49,9
2023-12-21 00:00:00;36,8
2023-12-22 00:00:00;33,8
2023-12-23 00:00:00;31,2
2023-12-24 00:00:00;27,3
2023-12-25 00:00:00;64,0
2023-12-26 00:00:00;91,0
2023-12-27 00:00:00;78,3
2023-12-28 00:00:00;80,5
2023-12-29 00:00:00;84,7
2023-12-30 00:00:00;84,6
2023-12-31 00:00:00;81,5
2024-01-01 00:00:00;56,5
2024-01-02 00:00:00;72,0
2024-01-03 00:00:00;72,2
2024-01-04 00:00:00;53,3
2024-01-05 00:00:00;89,3
2024-01-06 00:00:00;72,1
2024-01-07 00:00:00;42,1
2024-01-08 00:00:00;78,0
2024-01-09 00:00:00;86,0
2024-01-10 00:00:00;86,8
2024-01-11 00:00:00;88,1
2024-01-12 00:00:00;82,1
2024-01-13 00:00:00;77,9
2024-01-14 00:00:00;78,0
2024-01-15 00:00:00;48,5
2024-01-16 00:00:00;56,7
2024-01-17 00:00:00;95,2
2024-01-18 00:00:00;97,6
2024-01-19 00:00:00;49,3
2024-01-20 00:00:00;58,6
2024-01-21 00:00:00;67,4
2024-01-22 00:00:00;78,2
2024-01-23 00:00:00;54,2
2024-01-24 00:00:00;47,8
2024-01-25 00:00:00;36,0
2024-01-26 00:00:00;57,5
2024-01-27 00:00:00;49,2
2024-01-28 00:00:00;62,8
2024-01-29 00:00:00;68,5
2024-01-30 00:00:00;74,2
2024-01-31 00:00:00;75,6
2024-02-01 00:00:00;58,1
2024-02-02 00:00:00;56,0
2024-02-03 00:00:00;49,7
2024-02-04 00:00:00;25,1
2024-02-05 00:00:00;38,8
2024-02-06 00:00:00;70,5
2024-02-07 00:00:00;82,1
2024-02-08 00:00:00;80,7
2024-02-09 00:00:00;97,0
2024-02-10 00:00:00;90,0
2024-02-11 00:00:00;53,0
2024-02-12 00:00:00;54,4
2024-02-13 00:00:00;49,6
2024-02-14 00:00:00;61,6
2024-02-15 00:00:00;71,5
2024-02-16 00:00:00;70,5
2024-02-17 00:00:00;69,6
2024-02-18 00:00:00;71,0
2024-02-19 00:00:00;37,7
2024-02-20 00:00:00;38,1
2024-02-21 00:00:00;57,6
2024-02-22 00:00:00;87,3
2024-02-23 00:00:00;58,9
2024-02-24 00:00:00;72,2
2024-02-25 00:00:00;65,0
2024-02-26 00:00:00;96,1
2024-02-27 00:00:00;
2024-02-28 00:00:00;86,1
2024-02-29 00:00:00;82,4
2024-03-01 00:00:00;88,0
2024-03-02 00:00:00;77,5
2024-03-03 00:00:00;87,1
2024-03-04 00:00:00;79,7
2024-03-05 00:00:00;59,0
2024-03-06 00:00:00;39,7
2024-03-07 00:00:00;52,5
2024-03-08 00:00:00;63,7
2024-03-09 00:00:00;78,7
2024-03-10 00:00:00;91,4
2024-03-11 00:00:00;61,8
2024-03-12 00:00:00;43,4
2024-03-13 00:00:00;51,5
2024-03-14 00:00:00;65,3
2024-03-15 00:00:00;64,2
2024-03-16 00:00:00;44,4
2024-03-17 00:00:00;57,8
2024-03-18 00:00:00;67,7
2024-03-19 00:00:00;58,9
2024-03-20 00:00:00;65,9
2024-03-21 00:00:00;52,7
2024-03-22 00:00:00;49,5
2024-03-23 00:00:00;46,6
2024-03-24 00:00:00;34,9
2024-03-25 00:00:00;35,3
2024-03-26 00:00:00;67,7
2024-03-27 00:00:00;92,3
2024-03-28 00:00:00;88,8
2024-03-29 00:00:00;87,4
2024-03-30 00:00:00;82,7
2024-03-31 00:00:00;74,8
2024-04-01 00:00:00;57,5
2024-04-02 00:00:00;43,7
2024-04-03 00:00:00;65,8
2024-04-04 00:00:00;68,4
2024-04-05 00:00:00;67,2
2024-04-06 00:00:00;66,5
2024-04-07 00:00:00;64,7
2024-04-08 00:00:00;59,0
2024-04-09 00:00:00;71,1
2024-04-10 00:00:00;54,1
2024-04-11 00:00:00;64,6
2024-04-12 00:00:00;56,7
2024-04-13 00:00:00;53,5
2024-04-14 00:00:00;51,0
2024-04-15 00:00:00;48,2
2024-04-16 00:00:00;28,1
2024-04-17 00:00:00;38,9
2024-04-18 00:00:00;39,5
2024-04-19 00:00:00;37,5
2024-04-20 00:00:00;39,6
2024-04-21 00:00:00;38,4
2024-04-22 00:00:00;52,2
2024-04-23 00:00:00;49,8
2024-04-24 00:00:00;32,4
2024-04-25 00:00:00;44,0
2024-04-26 00:00:00;63,8
2024-04-27 00:00:00;68,7
2024-04-28 00:00:00;84,9
2024-04-29 00:00:00;69,9
2024-04-30 00:00:00;63,7
2024-05-01 00:00:00;
2024-05-02 00:00:00;87,4
2024-05-03 00:00:00;51,9
2024-05-04 00:00:00;58,4
2024-05-05 00:00:00;67,6
2024-05-06 00:00:00;86,3
2024-05-07 00:00:00;90,5
2024-05-08 00:00:00;62,6
2024-05-09 00:00:00;62,6
2024-05-10 00:00:00;62,6
2024-05-11 00:00:00;61,0
2024-05-12 00:00:00;67,9
2024-05-13 00:00:00;73,5
2024-05-14 00:00:00;75,9
2024-05-15 00:00:00;81,6
2024-05-16 00:00:00;89,9
2024-05-17 00:00:00;65,0
2024-05-18 00:00:00;66,5
2024-05-19 00:00:00;62,7
2024-05-20 00:00:00;70,7
2024-05-21 00:00:00;49,9
2024-05-22 00:00:00;55,8
2024-05-23 00:00:00;74,3
2024-05-24 00:00:00;70,1
2024-05-25 00:00:00;66,6
2024-05-26 00:00:00;62,0
2024-05-27 00:00:00;83,3
2024-05-28 00:00:00;47,3
2024-05-29 00:00:00;60,9
2024-05-30 00:00:00;52,0
2024-05-31 00:00:00;39,3
2024-06-01 00:00:00;45,1
2024-06-02 00:00:00;61,8
2024-06-03 00:00:00;61,6
2024-06-04 00:00:00;61,8
2024-06-05 00:00:00;60,2
2024-06-06 00:00:00;63,3
2024-06-07 00:00:00;53,2
2024-06-08 00:00:00;73,8
2024-06-09 00:00:00;
2024-06-10 00:00:00;51,8
2024-06-11 00:00:00;43,5
2024-06-12 00:00:00;54,3
2024-06-13 00:00:00;54,8
2024-06-14 00:00:00;73,3
2024-06-15 00:00:00;79,8
2024-06-16 00:00:00;62,4
2024-06-17 00:00:00;64,5
2024-06-18 00:00:00;62,7
2024-06-19 00:00:00;66,4
2024-06-20 00:00:00;
2024-06-21 00:00:00;88,3
2024-06-22 00:00:00;53,5
2024-06-23 00:00:00;58,4
2024-06-24 00:00:00;72,5
2024-06-25 00:00:00;75,1
2024-06-26 00:00:00;73,7
2024-06-27 00:00:00;62,7
2024-06-28 00:00:00;63,9
2024-06-29 00:00:00;84,0
2024-06-30 00:00:00;75,1
2024-07-01 00:00:00;59,0
2024-07-02 00:00:00;41,9
2024-07-03 00:00:00;50,1
2024-07-04 00:00:00;45,9
2024-07-05 00:00:00;60,9
2024-07-06 00:00:00;81,3
2024-07-07 00:00:00;70,3
2024-07-08 00:00:00;67,1
2024-07-09 00:00:00;66,5
2024-07-10 00:00:00;67,9
2024-07-11 00:00:00;67,7
2024-07-12 00:00:00;83,7
2024-07-13 00:00:00;62,5
2024-07-14 00:00:00;58,7
2024-07-15 00:00:00;70,8
2024-07-16 00:00:00;56,4
2024-07-17 00:00:00;61,4
2024-07-18 00:00:00;59,6
2024-07-19 00:00:00;48,7
2024-07-20 00:00:00;51,0
2024-07-21 00:00:00;81,2
2024-07-22 00:00:00;59,9
2024-07-23 00:00:00;51,5
2024-07-24 00:00:00;52,0
2024-07-25 00:00:00;60,7
2024-07-26 00:00:00;63,7
2024-07-27 00:00:00;63,2
2024-07-28 00:00:00;54,8
2024-07-29 00:00:00;49,9
2024-07-30 00:00:00;56,8
2024-07-31 00:00:00;58,8
2024-08-01 00:00:00;51,6
2024-08-02 00:00:00;48,0
2024-08-03 00:00:00;43,3
2024-08-04 00:00:00;57,6
2024-08-05 00:00:00;59,8
2024-08-06 00:00:00;62,0
2024-08-07 00:00:00;60,7
2024-08-08 00:00:00;56,4
2024-08-09 00:00:00;55,0
2024-08-10 00:00:00;59,2
2024-08-11 00:00:00;61,6
2024-08-12 00:00:00;68,4
2024-08-13 00:00:00;61,1
2024-08-14 00:00:00;79,9
2024-08-15 00:00:00;71,8
2024-08-16 00:00:00;65,1
2024-08-17 00:00:00;71,7
2024-08-18 00:00:00;59,4
2024-08-19 00:00:00;56,3
2024-08-20 00:00:00;66,4
2024-08-21 00:00:00;49,5
2024-08-22 00:00:00;62,5
2024-08-23 00:00:00;63,9
2024-08-24 00:00:00;66,8
2024-08-25 00:00:00;67,6
2024-08-26 00:00:00;60,7
2024-08-27 00:00:00;60,7
2024-08-28 00:00:00;60,7
2024-08-29 00:00:00;56,4
2024-08-30 00:00:00;55,6
2024-08-31 00:00:00;59,0
2024-09-01 00:00:00;61,0
2024-09-02 00:00:00;74,7
2024-09-03 00:00:00;65,5
2024-09-04 00:00:00;76,6
2024-09-05 00:00:00;
2024-09-06 00:00:00;73,6
2024-09-07 00:00:00;70,5
2024-09-08 00:00:00;90,3
2024-09-09 00:00:00;53,2
2024-09-10 00:00:00;47,4
2024-09-11 00:00:00;59,1
2024-09-12 00:00:00;40,6
2024-09-13 00:00:00;30,9
2024-09-14 00:00:00;35,9
2024-09-15 00:00:00;56,6
2024-09-16 00:00:00;52,0
2024-09-17 00:00:00;65,1
2024-09-18 00:00:00;73,9
2024-09-19 00:00:00;71,0
2024-09-20 00:00:00;76,7
2024-09-21 00:00:00;81,0
2024-09-22 00:00:00;81,9
2024-09-23 00:00:00;
2024-09-24 00:00:00;
2024-09-25 00:00:00;77,9
2024-09-26 00:00:00;
2024-09-27 00:00:00;60,8
2024-09-28 00:00:00;47,6
2024-09-29 00:00:00;68,5
2024-09-30 00:00:00;73,8
2024-10-01 00:00:00;91,0
2024-10-02 00:00:00;74,6
2024-10-03 00:00:00;80,9
2024-10-04 00:00:00;67,1
2024-10-05 00:00:00;73,5
2024-10-06 00:00:00;79,1
2024-10-07 00:00:00;86,0
2024-10-08 00:00:00;
2024-10-09 00:00:00;81,4
2024-10-10 00:00:00;58,2
2024-10-11 00:00:00;70,0
2024-10-12 00:00:00;82,4
2024-10-13 00:00:00;
2024-10-14 00:00:00;91,9
2024-10-15 00:00:00;84,2
2024-10-16 00:00:00;93,4
2024-10-17 00:00:00;
2024-10-18 00:00:00;85,0
2024-10-19 00:00:00;85,8
2024-10-20 00:00:00;91,0
2024-10-21 00:00:00;85,3
2024-10-22 00:00:00;77,7
2024-10-23 00:00:00;82,8
2024-10-24 00:00:00;85,8
2024-10-25 00:00:00;90,0
2024-10-26 00:00:00;95,3
2024-10-27 00:00:00;89,9
2024-10-28 00:00:00;82,9
2024-10-29 00:00:00;82,1
2024-10-30 00:00:00;80,2
2024-10-31 00:00:00;77,4
2024-11-01 00:00:00;76,9
2024-11-02 00:00:00;73,2
2024-11-03 00:00:00;76,3
2024-11-04 00:00:00;78,8
2024-11-05 00:00:00;78,1
2024-11-06 00:00:00;82,3
2024-11-07 00:00:00;80,8
2024-11-08 00:00:00;80,4
2024-11-09 00:00:00;80,6
2024-11-10 00:00:00;80,1
2024-11-11 00:00:00;76,4
2024-11-12 00:00:00;85,2
2024-11-13 00:00:00;79,5
2024-11-14 00:00:00;80,4
2024-11-15 00:00:00;78,7
2024-11-16 00:00:00;80,0
2024-11-17 00:00:00;77,8
2024-11-18 00:00:00;68,8
2024-11-19 00:00:00;79,2
2024-11-20 00:00:00;52,2
2024-11-21 00:00:00;69,8
2024-11-22 00:00:00;53,3
2024-11-23 00:00:00;71,6
2024-11-24 00:00:00;85,9
2024-11-25 00:00:00;86,9
2024-11-26 00:00:00;
2024-11-27 00:00:00;86,9
2024-11-28 00:00:00;75,4
2024-11-29 00:00:00;79,9
2024-11-30 00:00:00;79,2
2024-12-01 00:00:00;78,5
2024-12-02 00:00:00;80,1
2024-12-03 00:00:00;80,8
2024-12-04 00:00:00;76,9
2024-12-05 00:00:00;69,6
2024-12-06 00:00:00;63,8
2024-12-07 00:00:00;74,4
2024-12-08 00:00:00;47,1
2024-12-09 00:00:00;74,8
2024-12-10 00:00:00;81,8
2024-12-11 00:00:00;84,0
2024-12-12 00:00:00;76,0
2024-12-13 00:00:00;76,3
2024-12-14 00:00:00;69,5
2024-12-15 00:00:00;48,4
2024-12-16 00:00:00;74,1
2024-12-17 00:00:00;80,1
2024-12-18 00:00:00;82,6
2024-12-19 00:00:00;83,8
2024-12-20 00:00:00;33,9
2024-12-21 00:00:00;39,9
2024-12-22 00:00:00;84,8
2024-12-23 00:00:00;58,0
2024-12-24 00:00:00;47,5
2024-12-25 00:00:00;77,3
2024-12-26 00:00:00;82,9
2024-12-27 00:00:00;79,3
2024-12-28 00:00:00;78,6
2024-12-29 00:00:00;80,6
2024-12-30 00:00:00;78,0
2024-12-31 00:00:00;77,8
2025-01-01 00:00:00;77,9
2025-01-02 00:00:00;81,2
2025-01-03 00:00:00;60,2
2025-01-04 00:00:00;73,7
2025-01-05 00:00:00;90,0
2025-01-06 00:00:00;89,8
2025-01-07 00:00:00;59,8
2025-01-08 00:00:00;87,6
2025-01-09 00:00:00;
2025-01-10 00:00:00;61,8
2025-01-11 00:00:00;88,7
2025-01-12 00:00:00;76,1
2025-01-13 00:00:00;68,0
2025-01-14 00:00:00;73,0
2025-01-15 00:00:00;71,4
2025-01-16 00:00:00;73,1
2025-01-17 00:00:00;74,9
2025-01-18 00:00:00;72,6
2025-01-19 00:00:00;91,6
2025-01-20 00:00:00;
2025-01-21 00:00:00;88,4
2025-01-22 00:00:00;89,9
2025-01-23 00:00:00;94,2
2025-01-24 00:00:00;80,6
2025-01-25 00:00:00;83,4
2025-01-26 00:00:00;78,2
2025-01-27 00:00:00;98,8
2025-01-28 00:00:00;70,1
2025-01-29 00:00:00;56,0
2025-01-30 00:00:00;87,2
2025-01-31 00:00:00;82,8
2025-02-01 00:00:00;93,8
2025-02-02 00:00:00;79,0
2025-02-03 00:00:00;72,3
2025-02-04 00:00:00;79,5
2025-02-05 00:00:00;73,1
2025-02-06 00:00:00;69,8
2025-02-07 00:00:00;76,0
2025-02-08 00:00:00;95,8
2025-02-09 00:00:00;80,9
2025-02-10 00:00:00;78,1
2025-02-11 00:00:00;94,1
2025-02-12 00:00:00;86,8
2025-02-13 00:00:00;81,6
2025-02-14 00:00:00;41,7
2025-02-15 00:00:00;55,5
2025-02-16 00:00:00;71,1
2025-02-17 00:00:00;75,8
2025-02-18 00:00:00;71,7
2025-02-19 00:00:00;75,9
2025-02-20 00:00:00;76,9
2025-02-21 00:00:00;76,4
2025-02-22 00:00:00;77,7
2025-02-23 00:00:00;74,0
2025-02-24 00:00:00;75,7
2025-02-25 00:00:00;79,8
2025-02-26 00:00:00;42,1
2025-02-27 00:00:00;47,4
2025-02-28 00:00:00;48,6
2025-03-01 00:00:00;70,4
2025-03-02 00:00:00;65,5
2025-03-03 00:00:00;57,8
2025-03-04 00:00:00;55,7
2025-03-05 00:00:00;54,5
2025-03-06 00:00:00;56,4
2025-03-07 00:00:00;55,8
2025-03-08 00:00:00;56,6
2025-03-09 00:00:00;65,4
2025-03-10 00:00:00;77,7
2025-03-11 00:00:00;78,2
2025-03-12 00:00:00;81,8
2025-03-13 00:00:00;67,3
2025-03-14 00:00:00;67,5
2025-03-15 00:00:00;87,8
2025-03-16 00:00:00;76,1
2025-03-17 00:00:00;61,2
2025-03-18 00:00:00;68,7
2025-03-19 00:00:00;60,3
2025-03-20 00:00:00;60,7
2025-03-21 00:00:00;68,4
2025-03-22 00:00:00;83,6
2025-03-23 00:00:00;77,7
2025-03-24 00:00:00;69,6
2025-03-25 00:00:00;61,5
2025-03-26 00:00:00;54,5
2025-03-27 00:00:00;53,6
2025-03-28 00:00:00;47,5
2025-03-29 00:00:00;37,8
2025-03-30 00:00:00;35,7
2025-03-31 00:00:00;27,7
2025-04-01 00:00:00;44,4
2025-04-02 00:00:00;82,8
2025-04-03 00:00:00;65,4
2025-04-04 00:00:00;64,5
2025-04-05 00:00:00;50,3
2025-04-06 00:00:00;49,8
2025-04-07 00:00:00;53,4
2025-04-08 00:00:00;67,5
2025-04-09 00:00:00;65,0
2025-04-10 00:00:00;55,2
2025-04-11 00:00:00;52,3
2025-04-12 00:00:00;61,8
2025-04-13 00:00:00;70,7
2025-04-14 00:00:00;82,1
2025-04-15 00:00:00;79,1
2025-04-16 00:00:00;89,5
2025-04-17 00:00:00;
2025-04-18 00:00:00;63,5
2025-04-19 00:00:00;69,4
2025-04-20 00:00:00;69,5
2025-04-21 00:00:00;63,9
2025-04-22 00:00:00;55,5
2025-04-23 00:00:00;58,6
2025-04-24 00:00:00;39,0
2025-04-25 00:00:00;42,2
2025-04-26 00:00:00;52,2
2025-04-27 00:00:00;68,4
2025-04-28 00:00:00;65,8
2025-04-29 00:00:00;62,2
2025-04-30 00:00:00;53,7
2025-05-01 00:00:00;51,2
2025-05-02 00:00:00;52,9
2025-05-03 00:00:00;69,6
2025-05-04 00:00:00;85,3
2025-05-05 00:00:00;81,4
2025-05-06 00:00:00;70,1
2025-05-07 00:00:00;76,2
2025-05-08 00:00:00;71,2
2025-05-09 00:00:00;74,2
2025-05-10 00:00:00;69,9
2025-05-11 00:00:00;63,2
2025-05-12 00:00:00;66,3
2025-05-13 00:00:00;67,4
2025-05-14 00:00:00;67,8
2025-05-15 00:00:00;47,9
2025-05-16 00:00:00;43,3
2025-05-17 00:00:00;49,3
2025-05-18 00:00:00;52,7
2025-05-19 00:00:00;65,3
2025-05-20 00:00:00;80,1
2025-05-21 00:00:00;64,4
2025-05-22 00:00:00;49,0
2025-05-23 00:00:00;33,7
2025-05-24 00:00:00;49,0
2025-05-25 00:00:00;57,8
2025-05-26 00:00:00;42,8
2025-05-27 00:00:00;49,0
2025-05-28 00:00:00;58,7
2025-05-29 00:00:00;34,3
2025-05-30 00:00:00;49,7
2025-05-31 00:00:00;58,7
2025-06-01 00:00:00;62,6
2025-06-02 00:00:00;68,0
2025-06-03 00:00:00;70,6
2025-06-04 00:00:00;80,3
2025-06-05 00:00:00;70,1
2025-06-06 00:00:00;66,8
2025-06-07 00:00:00;82,4
2025-06-08 00:00:00;42,4
2025-06-09 00:00:00;46,2
2025-06-10 00:00:00;63,2
2025-06-11 00:00:00;49,0
2025-06-12 00:00:00;59,8
2025-06-13 00:00:00;62,7
2025-06-14 00:00:00;57,4
2025-06-15 00:00:00;55,7
2025-06-16 00:00:00;40,8
2025-06-17 00:00:00;59,5
2025-06-18 00:00:00;61,1
2025-06-19 00:00:00;57,4
2025-06-20 00:00:00;59,2
2025-06-21 00:00:00;59,5
2025-06-22 00:00:00;57,8
2025-06-23 00:00:00;46,6
2025-06-24 00:00:00;51,6
2025-06-25 00:00:00;54,7
2025-06-26 00:00:00;64,4
2025-06-27 00:00:00;48,2
2025-06-28 00:00:00;55,8
2025-06-29 00:00:00;59,6
2025-06-30 00:00:00;78,8
2025-07-01 00:00:00;61,8
2025-07-02 00:00:00;66,5
2025-07-03 00:00:00;59,1
2025-07-04 00:00:00;52,4
2025-07-05 00:00:00;62,0
2025-07-06 00:00:00;52,5
2025-07-07 00:00:00;34,8
2025-07-08 00:00:00;38,2
2025-07-09 00:00:00;36,1
2025-07-10 00:00:00;50,0
2025-07-11 00:00:00;55,1
2025-07-12 00:00:00;60,3
2025-07-13 00:00:00;64,8
2025-07-14 00:00:00;47,5
2025-07-15 00:00:00;39,0
2025-07-16 00:00:00;35,0
2025-07-17 00:00:00;33,7
2025-07-18 00:00:00;52,9
2025-07-19 00:00:00;82,2
2025-07-20 00:00:00;70,9
2025-07-21 00:00:00;50,0
2025-07-22 00:00:00;38,1
2025-07-23 00:00:00;51,9
2025-07-24 00:00:00;60,6
2025-07-25 00:00:00;68,9
2025-07-26 00:00:00;48,3
2025-07-27 00:00:00;37,0
2025-07-28 00:00:00;37,7
2025-07-29 00:00:00;36,9
2025-07-30 00:00:00;54,2
2025-07-31 00:00:00;53,3
2025-08-01 00:00:00;54,4
2025-08-02 00:00:00;46,5
2025-08-03 00:00:00;37,0
2025-08-04 00:00:00;48,0
2025-08-05 00:00:00;56,7
2025-08-06 00:00:00;59,6
2025-08-07 00:00:00;63,3
2025-08-08 00:00:00;59,9
2025-08-09 00:00:00;53,5
2025-08-10 00:00:00;48,2
2025-08-11 00:00:00;54,8
2025-08-12 00:00:00;58,4
2025-08-13 00:00:00;51,8
2025-08-14 00:00:00;50,7
2025-08-15 00:00:00;48,1
2025-08-16 00:00:00;43,6
2025-08-17 00:00:00;44,7
2025-08-18 00:00:00;56,8
2025-08-19 00:00:00;73,3
2025-08-20 00:00:00;84,1
2025-08-21 00:00:00;58,4
2025-08-22 00:00:00;41,4
2025-08-23 00:00:00;52,7
2025-08-24 00:00:00;63,0
2025-08-25 00:00:00;64,7
2025-08-26 00:00:00;60,0
2025-08-27 00:00:00;77,1
2025-08-28 00:00:00;90,0
2025-08-29 00:00:00;67,0
2025-08-30 00:00:00;41,8
2025-08-31 00:00:00;57,9
2025-09-01 00:00:00;88,7
2025-09-02 00:00:00;64,9
2025-09-03 00:00:00;63,8
2025-09-04 00:00:00;78,7
2025-09-05 00:00:00;58,0
2025-09-06 00:00:00;62,8
2025-09-07 00:00:00;69,0
2025-09-08 00:00:00;77,3
2025-09-09 00:00:00;79,4
2025-09-10 00:00:00;76,5
2025-09-11 00:00:00;67,6
2025-09-12 00:00:00;62,8
2025-09-13 00:00:00;65,2
2025-09-14 00:00:00;62,2
2025-09-15 00:00:00;74,4
2025-09-16 00:00:00;37,0
2025-09-17 00:00:00;49,8
2025-09-18 00:00:00;73,7
2025-09-19 00:00:00;66,4
2025-09-20 00:00:00;68,0
2025-09-21 00:00:00;76,8
2025-09-22 00:00:00;81,0
2025-09-23 00:00:00;71,0
2025-09-24 00:00:00;74,0
2025-09-25 00:00:00;71,1
2025-09-26 00:00:00;88,7
2025-09-27 00:00:00;75,7
2025-09-28 00:00:00;68,2
2025-09-29 00:00:00;69,3
2025-09-30 00:00:00;71,4
